4294967278,201
4294967279,200
4294967278,200
4294967279,199
4294967278,199
4294967278,198
4294967279,196
4294967278,196
4294967278,195
4294967278,193
4294967279,190
4294967278,190
4294967278,186
4294967279,183
4294967279,382
4294967278,295
4294967279,381
4294967279,179
4294967278,176
4294967279,175
4294967279,172
4294967278,172
4294967278,171
4294967278,170
4294967279,169
4294967279,168
4294967278,383
4294967279,380
4294967278,382
4294967279,278
4294967278,381
4294967279,379
4294967278,380
4294967279,378
4294967278,379
4294967279,377
4294967278,282
4294967279,376
4294967278,156
4294967279,375
4294967278,378
4294967278,377
4294967278,148
4294967278,376
4294967279,374
4294967278,375
4294967279,373
4294967278,137
4294967279,372
4294967278,374
4294967279,282
4294967278,273
4294967279,371
4294967279,280
4294967279,370
4294967278,373
4294967278,372
4294967279,369
4294967279,271
4294967278,371
4294967279,368
4294967278,370
4294967279,367
4294967278,369
4294967279,366
4294967278,263
4294967279,365
4294967278,368
4294967278,367
4294967279,364
4294967279,363
4294967278,366
4294967278,250
4294967279,253
4294967279,362
4294967278,365
4294967279,361
4294967278,364
4294967279,235
4294967278,232
4294967279,229
4294967278,228
4294967279,227
4294967278,226
4294967279,225
4294967278,224
4294967279,223
4294967279,221
4294967278,220
4294967279,217
4294967278,363
4294967278,214
4294967279,286
4294967278,362
4294967279,360
4294967278,361
4294967279,359
4294967278,360
4294967278,298
4294967279,358
4294967278,359
4294967279,357
4294967278,358
4294967279,356
4294967278,357
4294967279,303
4294967279,355
4294967278,356
4294967279,354
4294967278,355
4294967279,353
4294967279,302
4294967278,354
4294967279,352
4294967278,353
4294967279,351
4294967278,35
4294967278,34
4294967278,33
4294967278,32
4294967278,31
4294967278,30
4294967278,29
4294967278,28
4294967278,27
4294967278,26
4294967278,25
4294967278,24
4294967278,23
4294967278,22
4294967278,21
4294967278,20
4294967278,19
4294967278,18
4294967278,17
4294967278,16
4294967278,15
4294967278,14
4294967278,13
4294967278,12
4294967278,11
4294967278,10
4294967278,9
4294967278,8
4294967278,7
4294967278,6
4294967278,5
4294967278,4
4294967279,132
4294967279,131
4294967279,130
4294967279,129
4294967279,128
4294967279,127
4294967279,126
4294967279,125
4294967279,124
4294967279,123
4294967279,122
4294967279,121
4294967279,120
4294967279,119
4294967279,118
4294967279,117
4294967279,116
4294967279,115
4294967279,114
4294967279,113
4294967279,112
4294967279,111
4294967279,110
4294967279,109
4294967279,108
4294967279,107
4294967279,106
4294967279,105
4294967279,104
4294967279,103
4294967279,102
4294967279,101
4294967279,100
4294967279,16
4294967278,352
4294967279,301
4294967279,350
4294967278,351
4294967279,349
4294967278,350
4294967278,192
4294967278,191
4294967278,349
4294967279,189
4294967278,189
4294967294,81
4294967294,11
4294967278,188
4294967279,187
4294967278,187
4294967278,348
4294967278,347
4294967279,348
4294967278,185
4294967279,184
4294967278,184
4294967278,182
4294967279,181
4294967278,181
4294967278,180
4294967279,299
4294967278,293
4294967278,292
4294967279,296
4294967278,291
4294967279,295
4294967278,290
4294967279,294
4294967278,289
4294967279,293
4294967278,288
4294967279,291
4294967278,287
4294967279,290
4294967278,286
4294967279,288
4294967278,285
4294967279,287
4294967278,284
4294967279,285
4294967278,168
4294967278,167
4294967279,347
4294967279,346
4294967278,166
4294967279,165
4294967278,165
4294967279,345
4294967278,346
4294967279,163
4294967278,163
4294967278,162
4294967279,161
4294967278,161
4294967279,344
4294967279,88
4294967278,345
4294967278,88
4294967278,174
4294967279,159
4294967278,159
4294967279,158
4294967278,158
4294967279,157
4294967278,157
4294967278,344
4294967279,343
4294967278,154
4294967279,342
4294967278,343
4294967279,277
4294967278,342
4294967279,289
4294967278,341
4294967279,341
4294967278,340
4294967279,340
4294967278,149
4294967279,339
4294967278,281
4294967279,338
4294967279,337
4294967278,339
4294967279,336
4294967278,338
4294967279,335
4294967278,337
4294967279,284
4294967278,336
4294967278,335
4294967279,334
4294967278,334
4294967279,283
4294967279,333
4294967279,332
4294967278,333
4294967279,281
4294967279,275
4294967278,270
4294967279,274
4294967278,279
4294967278,278
4294967278,332
4294967279,266
4294967278,265
4294967279,331
4294967279,264
4294967278,276
4294967279,330
4294967279,263
4294967279,262
4294967279,259
4294967278,331
4294967279,329
4294967278,253
4294967279,328
4294967278,330
4294967279,327
4294967278,251
4294967279,326
4294967279,254
4294967278,249
4294967279,250
4294967278,248
4294967279,248
4294967278,247
4294967279,246
4294967278,243
4294967279,242
4294967278,241
4294967279,240
4294967278,239
4294967279,325
4294967278,238
4294967278,234
4294967279,233
4294967278,230
4294967279,219
4294967278,218
4294967278,216
4294967279,215
4294967279,324
4294967294,958
4294967278,329
4294967279,323
4294967294,957
4294967279,208
4294967294,5
4294967279,207
4294967279,206
4294967278,328
4294967279,322
4294967278,327
4294967279,203
4294967279,202
4294967279,201
4294967278,326
4294967279,321
4294967278,325
4294967279,198
4294967279,197
4294967278,324
4294967279,195
4294967279,194
4294967279,320
4294967278,323
4294967279,192
4294967279,191
4294967278,322
4294967279,319
4294967278,321
4294967279,188
4294967279,318
4294967278,320
4294967279,186
4294967279,185
